# Extracted from: D:\Work_Work\Mars\MAVEN\iuvs_data_kp\JGR_Figures\JGR_Figures\Fig3cd.fig
# Right panel: H+ - N2 collision cross sections.
# Columns: energy_eV sigma_10_cm2 sigma_ip_cm2 sigma_La_cm2 sigma_el_cm2 sigma_Ha_cm2
# sigma_10: charge exchange between H+ and N2, Q = -3.4 eV
# sigma_ip: N2 ionization by H+, Q = -19.6 eV
# sigma_La: Lyman-alpha emission, H+ + N2, Q = -10.2 eV
# sigma_el: elastic collision, H+ + N2, Q = 0 eV
# sigma_Ha: Balmer-alpha emission, H+ + N2, Q = -1.9 eV
energy_eV	sigma_10_cm2	sigma_ip_cm2	sigma_La_cm2	sigma_el_cm2	sigma_Ha_cm2
1	3.90479366236e-22	5.28695475907e-19	2.67191546483e-22	7.80365902546e-14	2.75327714894e-25
2	1.7735743686e-21	8.58868292666e-19	8.11554491461e-22	4.91861025444e-14	1.57928501697e-24
3	4.2984984292e-21	1.14074985163e-18	1.55438696455e-21	3.75476915453e-14	4.38752054933e-24
4	8.05565216049e-21	1.39523543699e-18	2.46497569067e-21	3.10017733427e-14	9.05880286928e-24
5	1.31125860998e-20	1.63111454903e-18	3.52485543294e-21	2.67210893422e-14	1.58960260903e-23
6	1.95239657426e-20	1.85315301719e-18	4.72121808927e-21	2.36661366242e-14	2.51668482626e-23
7	2.73360469875e-20	2.0643055232e-18	6.04445646295e-21	2.13573566537e-14	3.71139797227e-23
8	3.6589114058e-20	2.26656548955e-18	7.48699412845e-21	1.95402746035e-14	5.19612312696e-23
9	4.73189675348e-20	2.46135902347e-18	9.04264328154e-21	1.80662575823e-14	6.99174374386e-23
10	5.95579047792e-20	2.64975141268e-18	1.07062175611e-20	1.68421792418e-14	9.11791764865e-23
20	2.70513180187e-19	4.30452337494e-18	3.25184399725e-20	1.06155478162e-14	5.2298105606e-22
30	6.55615394391e-19	5.71725331974e-18	6.22828075442e-20	8.10369788144e-15	1.45278348746e-21
40	1.2286257167e-18	6.99266353765e-18	9.8768076312e-20	6.69093077679e-15	2.99902316238e-21
50	1.99979042767e-18	8.17480410676e-18	1.4123349146e-19	5.76705587428e-15	5.26127656353e-21
60	2.97734847798e-18	9.287559243e-18	1.89164678506e-19	5.10772336009e-15	8.32697119558e-21
70	4.16820149343e-18	1.03457361018e-17	2.42175212332e-19	4.60943293035e-15	1.22746686621e-20
80	5.57827298969e-18	1.13593242647e-17	2.99959721763e-19	4.21726277675e-15	1.71759436123e-20
90	7.21272284519e-18	1.23354701059e-17	3.62268151914e-19	3.89913433475e-15	2.3096559647e-20
100	9.07608460219e-18	1.32795117032e-17	4.28890244448e-19	3.6349486912e-15	3.00972479548e-20
200	4.09742052208e-17	2.15700262945e-17	1.30115254427e-18	2.29109137759e-15	1.6999798741e-19
300	9.77984748073e-17	2.86444203431e-17	2.48572682778e-18	1.74897354939e-15	4.57183797124e-19
400	1.78389192009e-16	3.50270519084e-17	3.92515731342e-18	1.44406431738e-15	8.96147862087e-19
500	2.78988813398e-16	4.09383135454e-17	5.57840035842e-18	1.24466981982e-15	1.46376328236e-18
600	3.93954587645e-16	4.64976008775e-17	7.4106334095e-18	1.10236995321e-15	2.11825991595e-18
700	5.16779402535e-16	5.17788667367e-17	9.38984144168e-18	9.94826854461e-16	2.81155957067e-18
800	6.41152530989e-16	5.68319566604e-17	1.1485563225e-17	9.10187072037e-16	3.50028658149e-18
900	7.61770873511e-16	6.16924961049e-17	1.3668537515e-17	8.41527277644e-16	4.15213999597e-18
1000	8.74756409274e-16	6.63870717113e-17	1.59107683849e-17	7.84509640825e-16	4.74734307991e-18
1100	9.77703344943e-16	7.09361953554e-17	1.81857809555e-17	7.36266254763e-16	5.27686254546e-18
1200	1.06947759255e-15	7.53561156283e-17	2.0468941161e-17	6.94818691896e-16	5.73937714774e-18
1300	1.14990679824e-15	7.96599837108e-17	2.27377640936e-17	6.58754214476e-16	6.13832771492e-18
1400	1.21946411554e-15	8.3858635675e-17	2.49721658829e-17	6.27034773275e-16	6.4796281083e-18
1500	1.2790015887e-15	8.79611357518e-17	2.71546348461e-17	5.98879042742e-16	6.77012422243e-18
1600	1.32955152337e-15	9.1975164628e-17	2.92703127843e-17	5.73686709193e-16	7.01666906952e-18
1700	1.37219231499e-15	9.59073038723e-17	3.13069883006e-17	5.50988263657e-16	7.22563174444e-18
1800	1.40796597168e-15	9.97632487264e-17	3.32550115645e-17	5.30410757788e-16	7.40268193576e-18
1900	1.43783296841e-15	1.03547970263e-16	3.51071445217e-17	5.11653868547e-16	7.55273508934e-18
2000	1.46265200756e-15	1.07265840978e-16	3.68583626373e-17	4.9447280455e-16	7.67998304405e-18
2100	1.48317525214e-15	1.10920733458e-16	3.85056244093e-17	4.78665863673e-16	7.78796442563e-18
2200	1.50005244129e-15	1.14516098916e-16	4.00476236494e-17	4.64065221054e-16	7.87964872118e-18
2300	1.51383956226e-15	1.18055030396e-16	4.14845374174e-17	4.50530003947e-16	7.95752017336e-18
2400	1.52500939185e-15	1.21540314199e-16	4.28177799675e-17	4.37941013541e-16	8.02365484395e-18
2500	1.53396233191e-15	1.24974472099e-16	4.40497704499e-17	4.2619665145e-16	8.07978825099e-18
2600	1.54103668201e-15	1.28359796317e-16	4.51837196645e-17	4.15209739932e-16	8.12737313837e-18
2700	1.54651793803e-15	1.31698378707e-16	4.6223439029e-17	4.04905013723e-16	8.16762799196e-18
2800	1.55064696874e-15	1.34992135296e-16	4.7173173165e-17	3.95217122591e-16	8.20157735839e-18
2900	1.55362707106e-15	1.38242827065e-16	4.80374561504e-17	3.86089026498e-16	8.23008513896e-18
3000	1.55562998097e-15	1.41452077634e-16	4.88209904953e-17	3.7747069563e-16	8.25388198456e-18
4000	1.54522401305e-15	1.71549343578e-16	5.32200607463e-17	3.11663925739e-16	8.33335658021e-18
5000	1.51424654177e-15	1.98664746195e-16	5.38942104521e-17	2.68629781669e-16	8.28160006482e-18
6000	1.48023619324e-15	2.2341231003e-16	5.30279349018e-17	2.37918036683e-16	8.18687555475e-18
7000	1.44736418957e-15	2.46184980715e-16	5.15968076003e-17	2.14707640899e-16	8.07697808403e-18
8000	1.41655481691e-15	2.67258190953e-16	5.00115053685e-17	1.96440333448e-16	7.96236793332e-18
9000	1.38785960783e-15	2.86837535984e-16	4.84405442896e-17	1.81621893021e-16	7.8474694306e-18
10000	1.36110046778e-15	3.05083655761e-16	4.69492768149e-17	1.69316111129e-16	7.73428829021e-18
20000	1.16223853823e-15	4.35088269972e-16	3.67876394709e-17	1.06719163116e-16	6.76818755311e-18
30000	1.03008437949e-15	5.05313544912e-16	3.1240819817e-17	8.14672846875e-17	6.05355587512e-18
40000	9.31761435249e-16	5.42277988278e-16	2.75664164715e-17	6.72645957923e-17	5.50214649329e-18
50000	8.54456649071e-16	5.59446072648e-16	2.48711198741e-17	5.7976789065e-17	5.06082672825e-18
60000	7.91510149469e-16	5.64512327341e-16	2.27736916506e-17	5.13484534061e-17	4.69771205726e-18
70000	7.38955065e-16	5.62104300712e-16	2.10772464718e-17	4.63390899166e-17	4.39247010601e-18
80000	6.9422949273e-16	5.55089945029e-16	1.9666984157e-17	4.23965641688e-17	4.13145501137e-18
90000	6.55584705873e-16	5.45283604817e-16	1.84702122177e-17	3.91983871476e-17	3.90512447702e-18
100000	6.21776864856e-16	5.33850000157e-16	1.74380815413e-17	3.65425024703e-17	3.70657918182e-18
200000	4.22785189994e-16	4.15637375893e-16	1.15873760257e-17	2.30325705911e-17	2.52985669728e-18
300000	3.2852110331e-16	3.34162530596e-16	8.9200787896e-18	1.75826058849e-17	1.96872717307e-18
400000	2.71921917931e-16	2.79765060997e-16	7.34380959625e-18	1.45173229028e-17	1.63092009988e-18
500000	2.3362570211e-16	2.41298758645e-16	6.28696323445e-18	1.25127900913e-17	1.40201398698e-18
600000	2.05750047932e-16	2.12688442164e-16	5.52234881163e-18	1.10822353108e-17	1.23523175439e-18
700000	1.84428489604e-16	1.90552806206e-16	4.94008086095e-18	1.00010937911e-17	1.10757368921e-18
800000	1.67523279763e-16	1.72891422928e-16	4.47997614496e-18	9.15020159949e-18	1.00630334771e-18
900000	1.53748714241e-16	1.58451410105e-16	4.10608732906e-18	8.45995782459e-18	9.23751968113e-19
1000000	1.422815283e-16	1.46409388448e-16	3.79551817774e-18	7.88675382328e-18	8.5500482857e-19
2000000	8.4099943046e-17	8.53869583849e-17	2.22951789166e-18	4.97098452186e-18	5.05860889964e-19
3000000	6.11590865042e-17	6.15610362428e-17	1.61671229947e-18	3.79475062768e-18	3.6803245699e-19
4000000	4.85873332437e-17	4.86164793729e-17	1.28211539308e-18	3.13318859322e-18	2.92459010543e-19
5000000	4.05592205969e-17	4.04042644634e-17	1.06893967528e-18	2.70056204204e-18	2.44181992966e-19
6000000	3.49507818777e-17	3.46965138848e-17	9.20259624322e-19	2.39181380035e-18	2.10447195941e-19
7000000	3.07928487557e-17	3.04824369595e-17	8.10170813824e-19	2.15847737189e-18	1.85432406467e-19
8000000	2.75769923522e-17	2.72343525739e-17	7.25110603183e-19	1.97483430445e-18	1.66082339497e-19
9000000	2.50095804695e-17	2.46487790373e-17	6.57258195721e-19	1.82586304187e-18	1.50632064015e-19
