# Extracted from: D:\Work_Work\Mars\MAVEN\iuvs_data_kp\JGR_Figures\JGR_Figures\Fig3ef.fig
# Right panel: H+ - O collision cross sections.
# Columns: energy_eV sigma_10_cm2 sigma_ip_cm2 sigma_La_cm2 sigma_el_cm2 sigma_Ha_cm2
# sigma_10: charge exchange between H+ and O, Q = -2.4 eV
# sigma_ip: O ionization by H+, Q = -18.5 eV
# sigma_La: Lyman-alpha emission, H+ + O, Q = -10.2 eV
# sigma_el: elastic collision, H+ + O, Q = 0 eV
# sigma_Ha: Balmer-alpha emission, H+ + O, Q = -1.9 eV
energy_eV	sigma_10_cm2	sigma_ip_cm2	sigma_La_cm2	sigma_el_cm2	sigma_Ha_cm2
1	1.25406574559e-15	3.47279555203e-21	1.37772021778e-19	7.80365902546e-14	4.49998075731e-23
2	1.20081423521e-15	7.45412446976e-21	3.06759436532e-19	4.91861025444e-14	2.02579321321e-22
3	1.17071859059e-15	1.16530048233e-20	4.89919340986e-19	3.75476915453e-14	4.88418970088e-22
4	1.14982394866e-15	1.59996949173e-20	6.82898118648e-19	3.10017733427e-14	9.11920109535e-22
5	1.13387396394e-15	2.04596977966e-20	8.83480702145e-19	2.67210893422e-14	1.4800563395e-21
6	1.1210062582e-15	2.50121195329e-20	1.09029267055e-18	2.36661366242e-14	2.1984312757e-21
7	1.11024076167e-15	2.96428528149e-20	1.30238420246e-18	2.13573566537e-14	3.07175118699e-21
8	1.10099886739e-15	3.43416921676e-20	1.51905188851e-18	1.95402746035e-14	4.10408134713e-21
9	1.09291081681e-15	3.91008916328e-20	1.73974883673e-18	1.80662575823e-14	5.2990018739e-21
10	1.08572616836e-15	4.39143598717e-20	1.96403414889e-18	1.68421792418e-14	6.65971000187e-21
20	1.0396228771e-15	9.4254039371e-20	4.34359876855e-18	1.06155478162e-14	2.99146873545e-20
30	1.01356712282e-15	1.47338392624e-19	6.85959076367e-18	8.10369788144e-15	7.18379392599e-20
40	9.95477274178e-16	2.02284903424e-19	9.41678082989e-18	6.69093077679e-15	1.33342851401e-19
50	9.81668336447e-16	2.58656896115e-19	1.19559953021e-17	5.76705587428e-15	2.14731022337e-19
60	9.70527927817e-16	3.16189796767e-19	1.44364641342e-17	5.10772336009e-15	3.15843053355e-19
70	9.61207538247e-16	3.74704906365e-19	1.68298062663e-17	4.60943293035e-15	4.36136116661e-19
80	9.53206230103e-16	4.34072905247e-19	1.91169009344e-17	4.21726277675e-15	5.74740839583e-19
90	9.46203879391e-16	4.94195604531e-19	2.12857743743e-17	3.89913433475e-15	7.30512606568e-19
100	9.39983662579e-16	5.54995761408e-19	2.33299721752e-17	3.6349486912e-15	9.02082021506e-19
200	9.00069048894e-16	1.19035937435e-18	3.74220851224e-17	2.29109137759e-15	3.12015759187e-18
300	8.77510890077e-16	1.85939374312e-18	4.39123492077e-17	1.74897354939e-15	5.29235331078e-18
400	8.61849333162e-16	2.55084344795e-18	4.6988406468e-17	1.44406431738e-15	6.85950032824e-18
500	8.49894038869e-16	3.2591134882e-18	4.8530156227e-17	1.24466981982e-15	7.88782623022e-18
600	8.40249063541e-16	3.98079794683e-18	4.93298785396e-17	1.10236995321e-15	8.55439454674e-18
700	8.32179796924e-16	4.71358521408e-18	4.9743447658e-17	9.94826854461e-16	8.99357123953e-18
800	8.25252544774e-16	5.45579408565e-18	4.99434240904e-17	9.10187072037e-16	9.28980434183e-18
900	8.19190154956e-16	6.2061415358e-18	5.0019412244e-17	8.41527277644e-16	9.49419006386e-18
1000	8.13804909254e-16	6.96361296109e-18	5.00206994307e-17	7.84509640825e-16	9.6378798994e-18
1100	8.08963865805e-16	7.72738374072e-18	4.99757209189e-17	7.36266254763e-16	9.74030474055e-18
1200	8.04569489411e-16	8.49676891272e-18	4.99015408522e-17	6.94818691896e-16	9.81391920896e-18
1300	8.00548137645e-16	9.27118934626e-18	4.98087378537e-17	6.58754214476e-16	9.86692785817e-18
1400	7.96842868813e-16	1.00501481304e-17	4.97040478671e-17	6.27034773275e-16	9.90487719062e-18
1500	7.93408762524e-16	1.08332135741e-17	4.95918548717e-17	5.98879042742e-16	9.93160725048e-18
1600	7.90209769215e-16	1.16200066436e-17	4.94750627229e-17	5.73686709193e-16	9.94983496858e-18
1700	7.87216526495e-16	1.24101914694e-17	4.93556213374e-17	5.50988263657e-16	9.96152082321e-18
1800	7.84404807219e-16	1.32034680355e-17	4.92348531067e-17	5.30410757788e-16	9.96810486232e-18
1900	7.81754392231e-16	1.39995664535e-17	4.911366032e-17	5.11653868547e-16	9.9706620554e-18
2000	7.79248235707e-16	1.47982424121e-17	4.89926597941e-17	4.9447280455e-16	9.97000668018e-18
2100	7.7687183658e-16	1.55992735129e-17	4.88722719046e-17	4.78665863673e-16	9.96676381216e-18
2200	7.74612757935e-16	1.64024562861e-17	4.87527804411e-17	4.64065221054e-16	9.96141915082e-18
2300	7.72460254499e-16	1.72076037341e-17	4.86343734373e-17	4.50530003947e-16	9.95435431278e-18
2400	7.70404980355e-16	1.80145432899e-17	4.85171713831e-17	4.37941013541e-16	9.94587220595e-18
2500	7.68438757035e-16	1.88231151068e-17	4.84012469364e-17	4.2619665145e-16	9.93621552524e-18
2600	7.66554387623e-16	1.96331706133e-17	4.82866388331e-17	4.15209739932e-16	9.92558040686e-18
2700	7.64745506369e-16	2.04445712845e-17	4.81733617832e-17	4.04905013723e-16	9.91412662836e-18
2800	7.63006455966e-16	2.12571875888e-17	4.80614135628e-17	3.95217122591e-16	9.90198531192e-18
2900	7.61332186624e-16	2.20708980821e-17	4.7950780124e-17	3.86089026498e-16	9.8892648019e-18
3000	7.59718172452e-16	2.28855886219e-17	4.78414392938e-17	3.7747069563e-16	9.87605519197e-18
4000	7.46158945402e-16	3.1065354252e-17	4.68121533144e-17	3.11663925739e-16	9.72909199904e-18
5000	7.35808470628e-16	3.92532474208e-17	4.58776939586e-17	2.68629781669e-16	9.57333096247e-18
6000	7.27458189039e-16	4.73955773277e-17	4.50146432893e-17	2.37918036683e-16	9.41872533306e-18
7000	7.20472100825e-16	5.54547122971e-17	4.4208148036e-17	2.14707640899e-16	9.26819680121e-18
8000	7.14474728709e-16	6.34028101243e-17	4.34485034052e-17	1.96440333448e-16	9.1226502929e-18
9000	7.09226124087e-16	7.1218612508e-17	4.27289808674e-17	1.81621893021e-16	8.9822887553e-18
10000	7.04563767108e-16	7.88856058353e-17	4.20446481009e-17	1.69316111129e-16	8.8470422235e-18
20000	6.74645810339e-16	1.4560052143e-16	3.65582500278e-17	1.06719163116e-16	7.729164618e-18
30000	6.57737366088e-16	1.93428180415e-16	3.26319253604e-17	8.14672846875e-17	6.91174104615e-18
40000	6.45998262551e-16	2.25214644703e-16	2.96277442423e-17	6.72645957923e-17	6.28185231975e-18
50000	6.37037184269e-16	2.45002925323e-16	2.72326440793e-17	5.7976789065e-17	5.77789042331e-18
60000	6.29807803141e-16	2.56310453391e-16	2.52664130404e-17	5.13484534061e-17	5.36328398224e-18
70000	6.23759492823e-16	2.6179398662e-16	2.3616020097e-17	4.63390899166e-17	5.0147752804e-18
80000	6.18567178249e-16	2.63344732975e-16	2.22062595364e-17	4.23965641688e-17	4.71677026334e-18
90000	6.14023120327e-16	2.62273670934e-16	2.09848174377e-17	3.91983871476e-17	4.45836890937e-18
100000	6.09986615067e-16	2.59479461456e-16	1.99140024905e-17	3.65425024703e-17	4.23169188895e-18
200000	5.84084696701e-16	2.10228267572e-16	1.35781566919e-17	2.30325705911e-17	2.88825724681e-18
300000	5.69445958299e-16	1.71092139379e-16	1.05619860718e-17	1.75826058849e-17	2.24763309933e-18
400000	5.59282653904e-16	1.44334095143e-16	8.74752451336e-18	1.45173229028e-17	1.86196946611e-18
500000	5.51524466407e-16	1.25221028669e-16	7.51851955011e-18	1.25127900913e-17	1.60063464178e-18
600000	5.45265521612e-16	1.10911132288e-16	6.62331295026e-18	1.10822353108e-17	1.41022468239e-18
700000	5.40029106528e-16	9.97817798213e-17	5.9382472685e-18	1.00010937911e-17	1.26448154044e-18
800000	5.35533782557e-16	9.08623330734e-17	5.39487524653e-18	9.15020159949e-18	1.148864422e-18
900000	5.31599696474e-16	8.35409367448e-17	4.95199720913e-18	8.45995782459e-18	1.0546181456e-18
1000000	5.28105031697e-16	7.74136291711e-17	4.5832158336e-18	7.88675382328e-18	9.76131729847e-19
2000000	5.05680058621e-16	4.59830787459e-17	2.7108481431e-18	4.97098452186e-18	5.77525236025e-19
3000000	4.9300635199e-16	3.34813852875e-17	1.97197589085e-18	3.79475062768e-18	4.20170912215e-19
4000000	4.84207319262e-16	2.66140424315e-17	1.56691107342e-18	3.13318859322e-18	3.33891119961e-19
5000000	4.77490552447e-16	2.22239261377e-17	1.30818018293e-18	2.70056204204e-18	2.78774789516e-19
6000000	4.72071777415e-16	1.91550956758e-17	1.12739942739e-18	2.39181380035e-18	2.40260848231e-19
7000000	4.67538272768e-16	1.68790374951e-17	9.93356102688e-19	2.15847737189e-18	2.11702261311e-19
8000000	4.63646378832e-16	1.5118169749e-17	8.89672463437e-19	1.97483430445e-18	1.89610907313e-19
9000000	4.60240384989e-16	1.37120598488e-17	8.06888350443e-19	1.82586304187e-18	1.71971820814e-19
