# Extracted from: D:\Work_Work\Mars\MAVEN\iuvs_data_kp\JGR_Figures\JGR_Figures\Fig3ab.fig
# Right panel: H+ - CO2 collision cross sections.
# Columns: energy_eV sigma_10_cm2 sigma_ip_cm2 sigma_La_cm2 sigma_el_cm2 sigma_Ha_cm2
# sigma_10: charge exchange between H+ and CO2, Q = -0.4 eV
# sigma_ip: CO2 ionization by H+, Q = -16.6 eV
# sigma_La: Lyman-alpha emission, H+ + CO2, Q = -10.2 eV
# sigma_el: elastic collision, H+ + CO2, Q = 0 eV
# sigma_Ha: Balmer-alpha emission, H+ + CO2, Q = -1.9 eV
energy_eV	sigma_10_cm2	sigma_ip_cm2	sigma_La_cm2	sigma_el_cm2	sigma_Ha_cm2
1	1.36447617308e-15	1.04230160408e-20	1.37772021778e-19	7.80365902546e-14	4.49998075731e-23
2	1.38870787702e-15	2.32908734004e-20	3.06759436532e-19	4.91861025444e-14	2.02579321321e-22
3	1.40298480107e-15	3.72776904592e-20	4.89919340986e-19	3.75476915453e-14	4.88418970088e-22
4	1.41313445461e-15	5.20445367922e-20	6.82898118648e-19	3.10017733427e-14	9.11920109535e-22
5	1.42100377516e-15	6.74198626015e-20	8.83480702145e-19	2.67210893422e-14	1.4800563395e-21
6	1.42742160645e-15	8.32981035657e-20	1.09029267055e-18	2.36661366242e-14	2.1984312757e-21
7	1.43283261708e-15	9.96071041328e-20	1.30238420246e-18	2.13573566537e-14	3.07175118699e-21
8	1.43750348056e-15	1.16294138348e-19	1.51905188851e-18	1.95402746035e-14	4.10408134713e-21
9	1.4416068933e-15	1.33318844263e-19	1.73974883673e-18	1.80662575823e-14	5.2990018739e-21
10	1.44526118183e-15	1.50649245247e-19	1.96403414889e-18	1.68421792418e-14	6.65971000187e-21
20	1.46866203476e-15	3.36609732927e-19	4.34359876855e-18	1.06155478162e-14	2.99146873545e-20
30	1.48145034664e-15	5.38709186424e-19	6.85959076367e-18	8.10369788144e-15	7.18379392599e-20
40	1.48982924359e-15	7.52043614971e-19	9.41678082989e-18	6.69093077679e-15	1.33342851401e-19
50	1.49576833779e-15	9.74129473309e-19	1.19559953021e-17	5.76705587428e-15	2.14731022337e-19
60	1.50015308721e-15	1.20343762171e-18	1.44364641342e-17	5.10772336009e-15	3.15843053355e-19
70	1.50345935888e-15	1.43892224587e-18	1.68298062663e-17	4.60943293035e-15	4.36136116661e-19
80	1.50597302664e-15	1.67981868205e-18	1.91169009344e-17	4.21726277675e-15	5.74740839583e-19
90	1.50787953543e-15	1.92554121669e-18	2.12857743743e-17	3.89913433475e-15	7.30512606568e-19
100	1.50930615993e-15	2.17562552885e-18	2.33299721752e-17	3.6349486912e-15	9.02082021506e-19
200	1.50966049334e-15	4.85590251986e-18	3.74220851224e-17	2.29109137759e-15	3.12015759187e-18
300	1.49914653413e-15	7.76213544205e-18	4.39123492077e-17	1.74897354939e-15	5.29235331078e-18
400	1.48455256852e-15	1.08223913566e-17	4.6988406468e-17	1.44406431738e-15	6.85950032824e-18
500	1.46804545153e-15	1.39999459011e-17	4.8530156227e-17	1.24466981982e-15	7.88782623022e-18
600	1.45059281739e-15	1.72720020889e-17	4.93298785396e-17	1.10236995321e-15	8.55439454674e-18
700	1.43270442998e-15	2.06228387508e-17	4.9743447658e-17	9.94826854461e-16	8.99357123953e-18
800	1.41467607061e-15	2.40408644171e-17	4.99434240904e-17	9.10187072037e-16	9.28980434183e-18
900	1.39668999587e-15	2.75171251861e-17	5.0019412244e-17	8.41527277644e-16	9.49419006386e-18
1000	1.37886276642e-15	3.10444627532e-17	5.00206994307e-17	7.84509640825e-16	9.6378798994e-18
1100	1.36127046616e-15	3.46170010402e-17	4.99757209189e-17	7.36266254763e-16	9.74030474055e-18
1200	1.34396304924e-15	3.82298143071e-17	4.99015408522e-17	6.94818691896e-16	9.81391920896e-18
1300	1.32697299465e-15	4.18787025027e-17	4.98087378537e-17	6.58754214476e-16	9.86692785817e-18
1400	1.31032077489e-15	4.55600334587e-17	4.97040478671e-17	6.27034773275e-16	9.90487719062e-18
1500	1.29401844324e-15	4.92706285975e-17	4.95918548717e-17	5.98879042742e-16	9.93160725048e-18
1600	1.27807205989e-15	5.30076779991e-17	4.94750627229e-17	5.73686709193e-16	9.94983496858e-18
1700	1.26248337475e-15	5.67686758907e-17	4.93556213374e-17	5.50988263657e-16	9.96152082321e-18
1800	1.24725101934e-15	6.05513707138e-17	4.92348531067e-17	5.30410757788e-16	9.96810486232e-18
1900	1.23237136566e-15	6.43537258325e-17	4.911366032e-17	5.11653868547e-16	9.9706620554e-18
2000	1.21783915424e-15	6.81738881653e-17	4.89926597941e-17	4.9447280455e-16	9.97000668018e-18
2100	1.2036479587e-15	7.20101628179e-17	4.88722719046e-17	4.78665863673e-16	9.96676381216e-18
2200	1.18979053286e-15	7.58609923333e-17	4.87527804411e-17	4.64065221054e-16	9.96141915082e-18
2300	1.17625907191e-15	7.97249395414e-17	4.86343734373e-17	4.50530003947e-16	9.95435431278e-18
2400	1.16304541008e-15	8.36006732526e-17	4.85171713831e-17	4.37941013541e-16	9.94587220595e-18
2500	1.15014117083e-15	8.74869562216e-17	4.84012469364e-17	4.2619665145e-16	9.93621552524e-18
2600	1.13753788111e-15	9.13826349417e-17	4.82866388331e-17	4.15209739932e-16	9.92558040686e-18
2700	1.12522705827e-15	9.52866309318e-17	4.81733617832e-17	4.04905013723e-16	9.91412662836e-18
2800	1.11320027602e-15	9.91979332474e-17	4.80614135628e-17	3.95217122591e-16	9.90198531192e-18
2900	1.10144921417e-15	1.03115592005e-16	4.7950780124e-17	3.86089026498e-16	9.8892648019e-18
3000	1.08996569576e-15	1.07038712755e-16	4.78414392938e-17	3.7747069563e-16	9.87605519197e-18
4000	9.88185480436e-16	1.46404866357e-16	4.68121533144e-17	3.11663925739e-16	9.72909199904e-18
5000	9.05676072667e-16	1.85610466663e-16	4.58776939586e-17	2.68629781669e-16	9.57333096247e-18
6000	8.37530401548e-16	2.2423795165e-16	4.50146432893e-17	2.37918036683e-16	9.41872533306e-18
7000	7.80302137092e-16	2.62004578044e-16	4.4208148036e-17	2.14707640899e-16	9.26819680121e-18
8000	7.31540489854e-16	2.98713142375e-16	4.34485034052e-17	1.96440333448e-16	9.1226502929e-18
9000	6.89467861348e-16	3.34225562265e-16	4.27289808674e-17	1.81621893021e-16	8.9822887553e-18
10000	6.52768404801e-16	3.6844691614e-16	4.20446481009e-17	1.69316111129e-16	8.8470422235e-18
20000	4.40890885117e-16	6.35062864576e-16	3.65582500278e-17	1.06719163116e-16	7.729164618e-18
30000	3.43779672143e-16	7.83985211567e-16	3.26319253604e-17	8.14672846875e-17	6.91174104615e-18
40000	2.86359314117e-16	8.56561810063e-16	2.96277442423e-17	6.72645957923e-17	6.28185231975e-18
50000	2.4772250333e-16	8.84551787866e-16	2.72326440793e-17	5.7976789065e-17	5.77789042331e-18
60000	2.19615178686e-16	8.87409672608e-16	2.52664130404e-17	5.13484534061e-17	5.36328398224e-18
70000	1.98073818858e-16	8.76387089473e-16	2.3616020097e-17	4.63390899166e-17	5.0147752804e-18
80000	1.80937962311e-16	8.57920518597e-16	2.22062595364e-17	4.23965641688e-17	4.71677026334e-18
90000	1.66920259906e-16	8.35704638661e-16	2.09848174377e-17	3.91983871476e-17	4.45836890937e-18
100000	1.55201207523e-16	8.11871855011e-16	1.99140024905e-17	3.65425024703e-17	4.23169188895e-18
200000	9.4643319641e-17	6.06095155224e-16	1.35781566919e-17	2.30325705911e-17	2.88825724681e-18
300000	6.99914459973e-17	4.81872368973e-16	1.05619860718e-17	1.75826058849e-17	2.24763309933e-18
400000	5.62080828648e-17	4.02543033804e-16	8.74752451336e-18	1.45173229028e-17	1.86196946611e-18
500000	4.72831596796e-17	3.47477407958e-16	7.51851955011e-18	1.25127900913e-17	1.60063464178e-18
600000	4.0983611228e-17	3.06860961009e-16	6.62331295026e-18	1.10822353108e-17	1.41022468239e-18
700000	3.6275648019e-17	2.75550113618e-16	5.9382472685e-18	1.00010937911e-17	1.26448154044e-18
800000	3.26106984134e-17	2.50599050293e-16	5.39487524653e-18	9.15020159949e-18	1.148864422e-18
900000	2.96689771879e-17	2.30197984641e-16	4.95199720913e-18	8.45995782459e-18	1.0546181456e-18
1000000	2.72507402425e-17	2.13171799248e-16	4.5832158336e-18	7.88675382328e-18	9.76131729847e-19
2000000	1.54260786686e-17	1.26330706655e-16	2.7108481431e-18	4.97098452186e-18	5.77525236025e-19
3000000	1.09833028958e-17	9.19400734386e-17	1.97197589085e-18	3.79475062768e-18	4.20170912215e-19
4000000	8.60849539352e-18	7.30691965515e-17	1.56691107342e-18	3.13318859322e-18	3.33891119961e-19
5000000	7.116554968e-18	6.10108009255e-17	1.30818018293e-18	2.70056204204e-18	2.78774789516e-19
6000000	6.08666421351e-18	5.25834732274e-17	1.12739942739e-18	2.39181380035e-18	2.40260848231e-19
7000000	5.33020749657e-18	4.63339866902e-17	9.93356102688e-19	2.15847737189e-18	2.11702261311e-19
8000000	4.74955055037e-18	4.14994792589e-17	8.89672463437e-19	1.97483430445e-18	1.89610907313e-19
9000000	4.28890049657e-18	3.76391813676e-17	8.06888350443e-19	1.82586304187e-18	1.71971820814e-19
